3
0 255 0 0 Input
1 0 255 0 Hidden
2 0 0 255 Output
30
0 0 0
1 0 1
2 0 2
3 0 3
4 0 4
5 0 5
6 0 6
7 0 7
8 0 8
9 0 9
10 0 10
11 0 11
12 1 12
13 1 13
14 1 14
15 1 15
16 1 16
17 1 17
18 1 18
19 1 19
20 1 20
21 1 21
22 1 22
23 1 23
24 1 24
25 1 25
26 1 26
27 1 27
28 2 28
29 2 29
72
0 12
0 18
1 12
1 13
1 18
1 19
2 13
2 14
2 19
2 20
3 14
3 20
4 12
4 15
4 18
4 21
5 12
5 13
5 15
5 16
5 18
5 19
5 21
5 22
6 13
6 14
6 16
6 17
6 19
6 20
6 22
6 23
7 14
7 17
7 20
7 23
8 15
8 21
9 15
9 16
9 21
9 22
10 16
10 17
10 22
10 23
11 17
11 23
12 24
13 24
13 25
14 25
15 24
16 24
16 25
17 25
18 26
19 26
19 27
20 27
21 26
22 26
22 27
23 27
24 28
24 29
25 28
25 29
26 28
26 29
27 28
27 29
