age_err count cumul_perc
 0  294 0.249788
 1  470 0.649108
 2  219 0.835174
 3   86 0.908241
 4   37 0.939677
 5   23 0.959218
 6   25 0.980459
 7    8 0.987256
 8    9 0.994902
 9    4 0.998301
10    1 0.999150
11    0 0.999150
12    1 1.000000
13    0 1.000000
14    0 1.000000
15    0 1.000000
16    0 1.000000
17    0 1.000000
18    0 1.000000
19    0 1.000000
20    0 1.000000
21    0 1.000000
22    0 1.000000
23    0 1.000000
24    0 1.000000
25    0 1.000000
26    0 1.000000
27    0 1.000000
28    0 1.000000
Value: -1.530272
